ICP result
[[ 9.99989337e-01  4.57781257e-03  6.07599882e-04 -7.36775600e-03]
 [-4.59680746e-03  9.99334025e-01  3.61991151e-02  5.21775287e-03]
 [-4.41482472e-04 -3.62015221e-02  9.99344413e-01  6.72053707e-03]
 [ 0.00000000e+00  0.00000000e+00  0.00000000e+00  1.00000000e+00]]
 
 axis:array([-0.99196394,  0.01437352, -0.12570182])
 angle:0.03650168842025048
 t:-7.36775600e-03 5.21775287e-03 6.72053707e-03
truth value
array([0.98197964, 0.17854802, 0.06194018])
angle:0.023161855990275537
t:-0.0003938480222132057, 0.014066624455153942, -0.0023545208387076855
